Date/Time (L),Temp. (°F),1 HourPrecip(in),SnowDepth(in),Snowfall3 hour(in),Snowfall6 Hour(in),Snowfall24 Hour(in),SnowInterval(in)
"Jan 8, 4:00 pm",5,0.00,70.0,0.0,0.0,0.0,0.0
"Jan 8, 3:00 pm",5,0.00,70.0,0.0,0.0,0.0,0.0
"Jan 8, 2:00 pm",6,0.01,70.0,0.0,0.0,0.0,0.0
"Jan 8, 1:00 pm",6,0.01,70.0,0.0,0.0,0.0,0.0
"Jan 8, 12:00 pm",4,0.00,71.0,0.0,0.0,1.0,0.0
"Jan 8, 11:00 am",2,0.00,71.0,0.0,0.0,2.0,0.0
"Jan 8, 10:00 am",2,0.00,71.0,0.0,0.0,3.0,0.0
"Jan 8, 9:00 am",2,0.00,71.0,0.0,0.0,3.0,0.0
"Jan 8, 8:00 am",2,0.00,71.0,0.0,0.0,4.0,0.0
"Jan 8, 7:00 am",2,0.00,72.0,0.0,0.0,6.0,0.0
"Jan 8, 6:00 am",2,0.00,72.0,0.0,0.0,5.0,0.0
"Jan 8, 5:00 am",2,0.00,72.0,0.0,0.0,5.0,2.0
"Jan 8, 4:00 am",2,0.00,72.0,0.0,0.0,7.0,3.0
"Jan 8, 3:00 am",2,0.01,72.0,0.0,0.0,6.0,2.0
"Jan 8, 2:00 am",3,0.00,72.0,0.0,0.0,7.0,2.0
"Jan 8, 1:00 am",3,0.00,73.0,0.0,1.0,8.0,2.0
"Jan 8, 12:00 am",4,0.01,73.0,0.0,1.0,8.0,2.0
"Jan 7, 11:00 pm",4,0.02,73.0,1.0,1.0,8.0,2.0
"Jan 7, 10:00 pm",4,0.00,73.0,1.0,2.0,8.0,2.0
"Jan 7, 9:00 pm",4,0.00,73.0,1.0,2.0,8.0,2.0
"Jan 7, 8:00 pm",5,0.01,72.0,0.0,1.0,8.0,2.0
"Jan 7, 7:00 pm",5,0.02,72.0,1.0,1.0,8.0,2.0
"Jan 7, 6:00 pm",5,0.02,72.0,1.0,2.0,8.0,1.0
"Jan 7, 5:00 pm",6,0.02,72.0,1.0,3.0,8.0,0.0
"Jan 7, 4:00 pm",8,0.01,71.0,0.0,3.0,7.0,6.0
"Jan 7, 3:00 pm",9,0.01,71.0,1.0,3.0,6.0,6.0
"Jan 7, 2:00 pm",10,0.01,71.0,2.0,4.0,6.0,6.0
"Jan 7, 1:00 pm",10,0.02,71.0,3.0,5.0,6.0,6.0
"Jan 7, 12:00 pm",10,0.03,70.0,2.0,3.0,5.0,5.0
"Jan 7, 11:00 am",10,0.04,69.0,2.0,2.0,4.0,4.0
"Jan 7, 10:00 am",9,0.02,68.0,2.0,3.0,3.0,3.0
"Jan 7, 9:00 am",9,0.01,68.0,1.0,2.0,3.0,2.0
"Jan 7, 8:00 am",10,0.02,67.0,0.0,2.0,2.0,2.0
"Jan 7, 7:00 am",10,0.03,66.0,1.0,1.0,1.0,1.0
"Jan 7, 6:00 am",10,0.02,67.0,1.0,2.0,1.0,0.0
"Jan 7, 5:00 am",10,0.04,67.0,2.0,2.0,1.0,0.0
"Jan 7, 4:00 am",10,0.03,65.0,0.0,0.0,0.0,4.0
"Jan 7, 3:00 am",10,0.03,66.0,1.0,1.0,1.0,4.0
"Jan 7, 2:00 am",10,0.01,65.0,0.0,1.0,0.0,3.0
"Jan 7, 1:00 am",11,0.05,65.0,0.0,1.0,0.0,3.0
"Jan 7, 12:00 am",11,0.03,65.0,0.0,1.0,0.0,2.0
"Jan 6, 11:00 pm",12,0.03,65.0,1.0,1.0,0.0,2.0
"Jan 6, 10:00 pm",12,0.04,65.0,1.0,1.0,0.0,1.0
"Jan 6, 9:00 pm",12,0.02,65.0,1.0,0.0,0.0,0.0
"Jan 6, 8:00 pm",12,0.00,64.0,0.0,0.0,0.0,0.0
"Jan 6, 7:00 pm",13,0.00,64.0,0.0,0.0,0.0,0.0
"Jan 6, 6:00 pm",13,0.02,64.0,0.0,0.0,0.0,0.0
"Jan 6, 5:00 pm",12,0.00,64.0,0.0,0.0,1.0,0.0
"Jan 6, 4:00 pm",12,0.01,64.0,0.0,0.0,1.0,0.0
"Jan 6, 3:00 pm",14,0.00,65.0,0.0,0.0,4.0,0.0
"Jan 6, 2:00 pm",15,0.00,65.0,0.0,0.0,5.0,0.0
"Jan 6, 1:00 pm",13,0.00,65.0,0.0,0.0,7.0,0.0
"Jan 6, 12:00 pm",12,0.00,65.0,0.0,0.0,7.0,0.0
"Jan 6, 11:00 am",8,0.00,65.0,0.0,0.0,7.0,0.0
"Jan 6, 10:00 am",7,0.00,65.0,0.0,0.0,9.0,0.0
"Jan 6, 9:00 am",7,0.00,65.0,0.0,0.0,9.0,0.0
"Jan 6, 8:00 am",7,0.00,65.0,0.0,0.0,9.0,0.0
"Jan 6, 7:00 am",8,0.01,65.0,0.0,0.0,8.0,3.0
"Jan 6, 6:00 am",8,0.00,66.0,1.0,0.0,9.0,4.0
"Jan 6, 5:00 am",8,0.00,66.0,0.0,1.0,9.0,4.0
"Jan 6, 4:00 am",9,0.00,65.0,0.0,0.0,9.0,4.0
"Jan 6, 3:00 am",9,0.01,65.0,0.0,0.0,9.0,4.0
"Jan 6, 2:00 am",8,0.00,66.0,1.0,0.0,9.0,3.0
"Jan 6, 1:00 am",9,0.00,66.0,0.0,1.0,10.0,3.0
"Jan 6, 12:00 am",10,0.01,66.0,0.0,2.0,10.0,3.0
"Jan 5, 11:00 pm",11,0.00,65.0,0.0,2.0,9.0,3.0
"Jan 5, 10:00 pm",11,0.01,66.0,1.0,3.0,10.0,3.0
"Jan 5, 9:00 pm",12,0.01,66.0,2.0,5.0,11.0,3.0
"Jan 5, 8:00 pm",12,0.03,66.0,3.0,6.0,11.0,3.0
"Jan 5, 7:00 pm",13,0.03,65.0,2.0,7.0,10.0,3.0
"Jan 5, 6:00 pm",13,0.06,64.0,3.0,6.0,10.0,2.0
"Jan 5, 5:00 pm",15,0.02,63.0,3.0,5.0,9.0,0.0
"Jan 5, 4:00 pm",16,0.03,63.0,5.0,7.0,,6.0
"Jan 5, 3:00 pm",17,0.04,61.0,3.0,5.0,,5.0
"Jan 5, 2:00 pm",18,0.04,60.0,2.0,4.0,,5.0
"Jan 5, 1:00 pm",18,0.08,58.0,2.0,1.0,,4.0
"Jan 5, 12:00 pm",18,0.01,58.0,2.0,1.0,,2.0
"Jan 5, 11:00 am",15,0.03,58.0,2.0,1.0,,2.0
"Jan 5, 10:00 am",14,0.04,56.0,0.0,0.0,,1.0
"Jan 5, 9:00 am",14,0.02,56.0,0.0,0.0,,0.0
"Jan 5, 8:00 am",13,0.01,56.0,0.0,0.0,,0.0
"Jan 5, 7:00 am",12,0.00,57.0,1.0,1.0,,2.0
"Jan 5, 6:00 am",12,0.00,57.0,1.0,1.0,,2.0
"Jan 5, 5:00 am",12,0.01,57.0,0.0,1.0,,2.0
"Jan 5, 4:00 am",12,0.01,56.0,0.0,0.0,,2.0
"Jan 5, 3:00 am",13,0.00,56.0,0.0,1.0,,2.0
"Jan 5, 2:00 am",13,0.01,57.0,1.0,2.0,,2.0
"Jan 5, 1:00 am",13,0.01,56.0,0.0,1.0,,2.0
"Jan 5, 12:00 am",13,0.02,56.0,1.0,2.0,,2.0
"Jan 4, 11:00 pm",14,0.00,56.0,1.0,2.0,,2.0
"Jan 4, 10:00 pm",14,0.00,56.0,1.0,,,1.0
"Jan 4, 9:00 pm",14,0.01,55.0,1.0,,,1.0
"Jan 4, 8:00 pm",14,0.03,55.0,1.0,,,1.0
"Jan 4, 7:00 pm",15,0.00,55.0,,,,0.0
"Jan 4, 6:00 pm",15,0.00,54.0,,,,0.0
"Jan 4, 5:00 pm",16,0.03,54.0,,,,0.0
